0 0.345403 0.435640 0.227183 0.157490
1 0.269015 0.415055 0.132606 0.154514
1 0.340112 0.383929 0.153770 0.180060
2 0.331184 0.404514 0.256283 0.221230
0 0.208499 0.361607 0.111442 0.063492
1 0.217262 0.333085 0.055556 0.066964
2 0.208829 0.346354 0.111442 0.093502
0 0.940642 0.343626 0.115410 0.072669
1 0.946098 0.301959 0.078704 0.101935
2 0.941468 0.315600 0.117063 0.128720
1 0.612599 0.292287 0.036045 0.032986
0 0.842262 0.304563 0.080688 0.038194
1 0.840939 0.284226 0.043651 0.054563
2 0.843089 0.290427 0.081019 0.066468
