0 0.211198 0.621759 0.252604 0.452778
1 0.214844 0.440278 0.109896 0.471296
1 0.301563 0.450000 0.073958 0.340741
2 0.211979 0.526852 0.255208 0.646296
0 0.451562 0.359259 0.039583 0.125926
1 0.456250 0.315741 0.045833 0.146296
2 0.456250 0.331944 0.047917 0.180556
1 0.644271 0.325926 0.036458 0.211111
1 0.622917 0.310648 0.016667 0.128704
1 0.608333 0.281944 0.009375 0.050926
1 0.562240 0.271296 0.005729 0.037037
0 0.581771 0.284722 0.010417 0.032407
1 0.583073 0.273148 0.007812 0.035185
2 0.581771 0.278241 0.010417 0.045370
