0 0.368490 0.410648 0.058854 0.173148
1 0.364583 0.258796 0.069792 0.295370
2 0.365104 0.304630 0.070833 0.385185
0 0.174740 0.292593 0.053646 0.159259
1 0.175521 0.201852 0.058333 0.194444
2 0.174740 0.237963 0.059896 0.268519
0 0.114062 0.207870 0.035417 0.075000
1 0.116146 0.168981 0.031250 0.087963
2 0.114323 0.184722 0.035937 0.121296
0 0.526563 0.223611 0.053125 0.065741
1 0.535417 0.203241 0.016667 0.106481
2 0.527083 0.203241 0.053125 0.106481
1 0.637240 0.179630 0.013021 0.103704
1 0.659375 0.178241 0.018750 0.056481
0 0.725521 0.211574 0.051042 0.045370
1 0.723698 0.188426 0.021354 0.065741
2 0.726042 0.194907 0.051042 0.078704
1 0.913542 0.191667 0.031250 0.059259
