0 0.593254 0.464162 0.231481 0.245784
1 0.602679 0.376612 0.166336 0.234375
2 0.592427 0.423487 0.231151 0.328125
0 0.782407 0.334821 0.074735 0.074901
1 0.783399 0.324901 0.039021 0.066964
1 0.783069 0.311260 0.066138 0.101687
2 0.782903 0.316344 0.075066 0.111855
1 0.910714 0.271825 0.013228 0.036706
1 0.893022 0.275546 0.021495 0.055060
1 0.871858 0.278274 0.015542 0.049603
1 0.861772 0.274306 0.015873 0.048115
1 0.849868 0.280382 0.020503 0.048859
1 0.695767 0.280506 0.015212 0.033234
1 0.713624 0.284598 0.018519 0.041915
1 0.735450 0.281746 0.008598 0.023810
1 0.745040 0.281746 0.009921 0.025298
1 0.756944 0.279638 0.011243 0.023562
1 0.796462 0.272073 0.012235 0.018353
