0 0.666667 0.312748 0.101852 0.104167
1 0.556382 0.268229 0.051918 0.101438
1 0.672784 0.271949 0.084987 0.110367
2 0.667163 0.290799 0.102183 0.147569
1 0.981316 0.247148 0.037368 0.130704
1 0.945106 0.240823 0.053571 0.126488
1 0.901455 0.229911 0.023148 0.066964
1 0.863261 0.230531 0.021495 0.055308
1 0.836475 0.232019 0.018188 0.046875
1 0.725860 0.237475 0.022487 0.030506
0 0.723049 0.254464 0.025463 0.024802
2 0.724372 0.244544 0.026786 0.044643
0 0.778108 0.252976 0.023148 0.020337
1 0.779431 0.239211 0.024471 0.035962
2 0.779431 0.242436 0.025132 0.041915
