1 0.226190 0.430184 0.031746 0.071677
1 0.381448 0.424107 0.041336 0.081845
1 0.512401 0.429563 0.029431 0.049603
1 0.584656 0.424355 0.031746 0.068948
0 0.684854 0.446553 0.079365 0.055804
1 0.688161 0.426959 0.039021 0.066716
2 0.685185 0.434524 0.080026 0.080853
0 0.778935 0.463170 0.104167 0.070685
1 0.787864 0.438120 0.048611 0.084077
2 0.779101 0.447669 0.104497 0.102183
0 0.984292 0.431548 0.031415 0.038194
1 0.989253 0.421007 0.021495 0.052827
2 0.984292 0.422867 0.031415 0.055556
1 0.733962 0.410838 0.017526 0.045387
