1 0.102348 0.423735 0.034722 0.077629
0 0.232804 0.475694 0.160053 0.084821
1 0.243386 0.431052 0.056217 0.076885
2 0.232970 0.455729 0.159722 0.124256
1 0.270833 0.418651 0.048942 0.086806
1 0.401951 0.423239 0.032738 0.049851
1 0.475694 0.420139 0.029431 0.069444
0 0.628142 0.452629 0.067130 0.057540
1 0.637401 0.433656 0.040675 0.074653
2 0.628472 0.439112 0.066468 0.084573
1 0.649967 0.404514 0.020833 0.036210
0 0.845569 0.412698 0.042328 0.021329
1 0.841104 0.396949 0.017526 0.027034
1 0.922288 0.395957 0.013889 0.024058
